the possible variables values are  {0: set(['t', 'f']), 1: set(['t', 'f']), 2: set(['t', 'f']), 3: set(['t', 'f']), 4: set(['t', 'f']), 5: set(['t', 'f']), 6: set(['t', 'f']), 7: set(['t', 'f']), 8: set(['t', 'f']), 9: set(['t', 'f']), 10: set(['t', 'f']), 11: set(['t', 'f']), 12: set(['l', 'g']), 13: set(['t', 'f']), 14: set(['b', 'w', 'n']), 15: set(['t', 'f']), 16: set(['t', 'f']), 17: set(['t', 'f']), 18: set(['t', 'f']), 19: set(['t', 'f']), 20: set(['t', 'f']), 21: set(['t', 'f']), 22: set(['t', 'f']), 23: set(['t', 'f']), 24: set(['t', 'f']), 25: set(['t', 'f']), 26: set(['t', 'f']), 27: set(['t', 'f']), 28: set(['t', 'f']), 29: set(['t', 'f']), 30: set(['t', 'f']), 31: set(['t', 'f']), 32: set(['t', 'f']), 33: set(['t', 'f']), 34: set(['t', 'f']), 35: set(['t', 'n'])}
now saving
self.mutalInformationMatrix is  [[ 0.          0.06153745  0.06244161  0.06105547  0.05628974  0.04995088
   0.05692337  0.06050094  0.05566297  0.06028828  0.05213099  0.06081507
   0.04013338  0.0628047   0.05774253  0.06252528  0.06224123  0.04649635
   0.06261893  0.05995214  0.05542781  0.05812441  0.06214549  0.05396201
   0.06278416  0.04345041  0.06234698  0.0628047   0.0628047   0.06191999
   0.05848476  0.06259816  0.05877288  0.04670766  0.03562033  0.05794816]
 [ 0.          0.          0.06321016  0.06182403  0.0570583   0.05071944
   0.05769192  0.0612695   0.05643152  0.06105684  0.05289955  0.06158363
   0.04090194  0.06357326  0.05851109  0.06329384  0.06300979  0.0472649
   0.06338749  0.06072069  0.05619637  0.05889296  0.06291405  0.05473057
   0.06355272  0.04421897  0.06311554  0.06357326  0.06357326  0.06268855
   0.05925331  0.06336672  0.05954143  0.04747622  0.03638889  0.05871672]
 [ 0.          0.          0.          0.06272819  0.05796246  0.05162359
   0.05859608  0.06217366  0.05733568  0.06196099  0.0538037   0.06248778
   0.04180609  0.06447742  0.05941525  0.064198    0.06391394  0.04816906
   0.06429164  0.06162485  0.05710052  0.05979712  0.0638182   0.05563472
   0.06445688  0.04512312  0.0640197   0.06447742  0.06447742  0.06359271
   0.06015747  0.06427088  0.06044559  0.04838038  0.03729304  0.05962088]
 [ 0.          0.          0.          0.          0.05657632  0.05023746
   0.05720994  0.06078752  0.05594955  0.06057486  0.05241757  0.06110165
   0.04041996  0.06309128  0.05802911  0.06281186  0.06252781  0.04678293
   0.06290551  0.06023872  0.05571439  0.05841098  0.06243207  0.05424859
   0.06307074  0.04373699  0.06263356  0.06309128  0.06309128  0.06220657
   0.05877134  0.06288474  0.05905945  0.04699424  0.03590691  0.05823474]
 [ 0.          0.          0.          0.          0.          0.04547173
   0.05244422  0.05602179  0.05118382  0.05580913  0.04765184  0.05633592
   0.03565423  0.05832555  0.05326338  0.05804613  0.05776208  0.0420172
   0.05813978  0.05547299  0.05094866  0.05364525  0.05766634  0.04948286
   0.05830501  0.03897126  0.05786783  0.05832555  0.05832555  0.05744084
   0.05400561  0.05811901  0.05429373  0.04222851  0.03114118  0.05346901]
 [ 0.          0.          0.          0.          0.          0.
   0.04610535  0.04968293  0.04484495  0.04947027  0.04131297  0.04999705
   0.02931537  0.05198669  0.04692452  0.05170727  0.05142321  0.03567833
   0.05180091  0.04913412  0.04460979  0.04730639  0.05132747  0.04314399
   0.05196615  0.03263239  0.05152897  0.05198669  0.05198669  0.05110198
   0.04766674  0.05178015  0.04795486  0.03588965  0.02480231  0.04713015]
 [ 0.          0.          0.          0.          0.          0.          0.
   0.05665542  0.05181744  0.05644275  0.04828546  0.05696954  0.03628785
   0.05895918  0.053897    0.05867975  0.0583957   0.04265082  0.0587734
   0.05610661  0.05158228  0.05427888  0.05829996  0.05011648  0.05893863
   0.03960488  0.05850146  0.05895918  0.05895918  0.05807447  0.05463923
   0.05875264  0.05492735  0.04286213  0.0317748   0.05410264]
 [ 0.          0.          0.          0.          0.          0.          0.
   0.          0.05539502  0.06002033  0.05186304  0.06054712  0.03986543
   0.06253675  0.05747458  0.06225733  0.06197328  0.0462284   0.06235098
   0.05968419  0.05515986  0.05785645  0.06187754  0.05369406  0.06251621
   0.04318246  0.06207903  0.06253675  0.06253675  0.06165204  0.05821681
   0.06233021  0.05850493  0.04643971  0.03535238  0.05768021]
 [ 0.          0.          0.          0.          0.          0.          0.
   0.          0.          0.05518235  0.04702506  0.05570914  0.03502745
   0.05769878  0.0526366   0.05741935  0.0571353   0.04139042  0.057513
   0.05484621  0.05032188  0.05301848  0.05703956  0.04885608  0.05767823
   0.03834448  0.05724106  0.05769878  0.05769878  0.05681407  0.05337883
   0.05749224  0.05366695  0.04160173  0.0305144   0.05284224]
 [ 0.          0.          0.          0.          0.          0.          0.
   0.          0.          0.          0.05165038  0.06033446  0.03965277
   0.06232409  0.05726192  0.06204467  0.06176062  0.04601573  0.06213832
   0.05947152  0.0549472   0.05764379  0.06166488  0.0534814   0.06230355
   0.0429698   0.06186637  0.06232409  0.06232409  0.06143938  0.05800414
   0.06211755  0.05829226  0.04622705  0.03513971  0.05746755]
 [ 0.          0.          0.          0.          0.          0.          0.
   0.          0.          0.          0.          0.05217716  0.03149548
   0.0541668   0.04910463  0.05388738  0.05360332  0.03785844  0.05398102
   0.05131423  0.0467899   0.0494865   0.05350758  0.0453241   0.05414626
   0.0348125   0.05370908  0.0541668   0.0541668   0.05328209  0.04984685
   0.05396026  0.05013497  0.03806976  0.02698242  0.04931026]
 [ 0.          0.          0.          0.          0.          0.          0.
   0.          0.          0.          0.          0.          0.04017956
   0.06285088  0.05778871  0.06257146  0.06228741  0.04654252  0.06266511
   0.05999831  0.05547398  0.05817058  0.06219167  0.05400818  0.06283034
   0.04349658  0.06239316  0.06285088  0.06285088  0.06196617  0.05853093
   0.06264434  0.05881905  0.04675384  0.0356665   0.05799434]
 [ 0.          0.          0.          0.          0.          0.          0.
   0.          0.          0.          0.          0.          0.
   0.04216919  0.03710702  0.04188977  0.04160572  0.02586083  0.04198342
   0.03931663  0.0347923   0.03748889  0.04150998  0.0333265   0.04214865
   0.0228149   0.04171147  0.04216919  0.04216919  0.04128448  0.03784924
   0.04196265  0.03813736  0.02607215  0.01498482  0.03731265]
 [ 0.          0.          0.          0.          0.          0.          0.
   0.          0.          0.          0.          0.          0.          0.
   0.05977834  0.06456109  0.06427704  0.04853216  0.06465474  0.06198795
   0.05746362  0.06016022  0.0641813   0.05599782  0.06481997  0.04548622
   0.06438279  0.06484052  0.06484052  0.06395581  0.06052057  0.06463397
   0.06080869  0.04874347  0.03765614  0.05998398]
 [ 0.          0.          0.          0.          0.          0.          0.
   0.          0.          0.          0.          0.          0.          0.
   0.          0.05949892  0.05921487  0.04346998  0.05959257  0.05692578
   0.05240145  0.05509804  0.05911913  0.05093565  0.0597578   0.04042405
   0.05932062  0.05977834  0.05977834  0.05889363  0.05545839  0.0595718
   0.05574651  0.0436813   0.03259397  0.0549218 ]
 [ 0.          0.          0.          0.          0.          0.          0.
   0.          0.          0.          0.          0.          0.          0.
   0.          0.          0.06399762  0.04825273  0.06437532  0.06170853
   0.0571842   0.05988079  0.06390188  0.0557184   0.06454055  0.0452068
   0.06410337  0.06456109  0.06456109  0.06367638  0.06024114  0.06435455
   0.06052926  0.04846405  0.03737672  0.05970455]
 [ 0.          0.          0.          0.          0.          0.          0.
   0.          0.          0.          0.          0.          0.          0.
   0.          0.          0.          0.04796868  0.06409126  0.06142447
   0.05690014  0.05959674  0.06361782  0.05543434  0.0642565   0.04492274
   0.06381932  0.06427704  0.06427704  0.06339233  0.05995709  0.0640705
   0.06024521  0.04818     0.03709266  0.0594205 ]
 [ 0.          0.          0.          0.          0.          0.          0.
   0.          0.          0.          0.          0.          0.          0.
   0.          0.          0.          0.          0.04834638  0.04567959
   0.04115526  0.04385186  0.04787294  0.03968946  0.04851162  0.02917786
   0.04807444  0.04853216  0.04853216  0.04764745  0.04421221  0.04832562
   0.04450033  0.03243512  0.02134778  0.04367562]
 [ 0.          0.          0.          0.          0.          0.          0.
   0.          0.          0.          0.          0.          0.          0.
   0.          0.          0.          0.          0.          0.06180217
   0.05727784  0.05997444  0.06399552  0.05581204  0.0646342   0.04530044
   0.06419702  0.06465474  0.06465474  0.06377003  0.06033479  0.0644482
   0.06062291  0.0485577   0.03747036  0.0597982 ]
 [ 0.          0.          0.          0.          0.          0.          0.
   0.          0.          0.          0.          0.          0.          0.
   0.          0.          0.          0.          0.          0.
   0.05461105  0.05730765  0.06132873  0.05314525  0.06196741  0.04263365
   0.06153023  0.06198795  0.06198795  0.06110324  0.057668    0.06178141
   0.05795612  0.04589091  0.03480357  0.05713141]
 [ 0.          0.          0.          0.          0.          0.          0.
   0.          0.          0.          0.          0.          0.          0.
   0.          0.          0.          0.          0.          0.          0.
   0.05278332  0.0568044   0.04862092  0.05744308  0.03810932  0.0570059
   0.05746362  0.05746362  0.05657891  0.05314367  0.05725708  0.05343179
   0.04136658  0.03027924  0.05260708]
 [ 0.          0.          0.          0.          0.          0.          0.
   0.          0.          0.          0.          0.          0.          0.
   0.          0.          0.          0.          0.          0.          0.
   0.          0.059501    0.05131752  0.06013967  0.04080592  0.0597025
   0.06016022  0.06016022  0.05927551  0.05584027  0.05995368  0.05612839
   0.04406317  0.03297584  0.05530368]
 [ 0.          0.          0.          0.          0.          0.          0.
   0.          0.          0.          0.          0.          0.          0.
   0.          0.          0.          0.          0.          0.          0.
   0.          0.          0.0553386   0.06416076  0.044827    0.06372358
   0.0641813   0.0641813   0.06329659  0.05986135  0.06397476  0.06014947
   0.04808426  0.03699692  0.05932476]
 [ 0.          0.          0.          0.          0.          0.          0.
   0.          0.          0.          0.          0.          0.          0.
   0.          0.          0.          0.          0.          0.          0.
   0.          0.          0.          0.05597728  0.03664352  0.0555401
   0.05599782  0.05599782  0.05511311  0.05167787  0.05579128  0.05196599
   0.03990078  0.02881344  0.05114128]
 [ 0.          0.          0.          0.          0.          0.          0.
   0.          0.          0.          0.          0.          0.          0.
   0.          0.          0.          0.          0.          0.          0.
   0.          0.          0.          0.          0.04546568  0.06436225
   0.06481997  0.06481997  0.06393526  0.06050002  0.06461343  0.06078814
   0.04872293  0.0376356   0.05996343]
 [ 0.          0.          0.          0.          0.          0.          0.
   0.          0.          0.          0.          0.          0.          0.
   0.          0.          0.          0.          0.          0.          0.
   0.          0.          0.          0.          0.          0.0450285
   0.04548622  0.04548622  0.04460151  0.04116627  0.04527968  0.04145439
   0.02938918  0.00212263  0.04062968]
 [ 0.          0.          0.          0.          0.          0.          0.
   0.          0.          0.          0.          0.          0.          0.
   0.          0.          0.          0.          0.          0.          0.
   0.          0.          0.          0.          0.          0.
   0.06438279  0.06438279  0.06349808  0.06006285  0.06417625  0.06035097
   0.04828575  0.03719842  0.05952625]
 [ 0.          0.          0.          0.          0.          0.          0.
   0.          0.          0.          0.          0.          0.          0.
   0.          0.          0.          0.          0.          0.          0.
   0.          0.          0.          0.          0.          0.          0.
   0.06484052  0.06395581  0.06052057  0.06463397  0.06080869  0.04874347
   0.03765614  0.05998398]
 [ 0.          0.          0.          0.          0.          0.          0.
   0.          0.          0.          0.          0.          0.          0.
   0.          0.          0.          0.          0.          0.          0.
   0.          0.          0.          0.          0.          0.          0.
   0.          0.06395581  0.06052057  0.06463397  0.06080869  0.04874347
   0.03765614  0.05998398]
 [ 0.          0.          0.          0.          0.          0.          0.
   0.          0.          0.          0.          0.          0.          0.
   0.          0.          0.          0.          0.          0.          0.
   0.          0.          0.          0.          0.          0.          0.
   0.          0.          0.05963586  0.06374926  0.05992398  0.04785876
   0.03677143  0.05909927]
 [ 0.          0.          0.          0.          0.          0.          0.
   0.          0.          0.          0.          0.          0.          0.
   0.          0.          0.          0.          0.          0.          0.
   0.          0.          0.          0.          0.          0.          0.
   0.          0.          0.          0.06031403  0.05648874  0.04442352
   0.03333619  0.05566403]
 [ 0.          0.          0.          0.          0.          0.          0.
   0.          0.          0.          0.          0.          0.          0.
   0.          0.          0.          0.          0.          0.          0.
   0.          0.          0.          0.          0.          0.          0.
   0.          0.          0.          0.          0.06060215  0.04853693
   0.0374496   0.05977743]
 [ 0.          0.          0.          0.          0.          0.          0.
   0.          0.          0.          0.          0.          0.          0.
   0.          0.          0.          0.          0.          0.          0.
   0.          0.          0.          0.          0.          0.          0.
   0.          0.          0.          0.          0.          0.04471164
   0.03362431  0.05595215]
 [ 0.          0.          0.          0.          0.          0.          0.
   0.          0.          0.          0.          0.          0.          0.
   0.          0.          0.          0.          0.          0.          0.
   0.          0.          0.          0.          0.          0.          0.
   0.          0.          0.          0.          0.          0.
   0.0215591   0.04388693]
 [ 0.          0.          0.          0.          0.          0.          0.
   0.          0.          0.          0.          0.          0.          0.
   0.          0.          0.          0.          0.          0.          0.
   0.          0.          0.          0.          0.          0.          0.
   0.          0.          0.          0.          0.          0.          0.
   0.0327996 ]
 [ 0.          0.          0.          0.          0.          0.          0.
   0.          0.          0.          0.          0.          0.          0.
   0.          0.          0.          0.          0.          0.          0.
   0.          0.          0.          0.          0.          0.          0.
   0.          0.          0.          0.          0.          0.          0.
   0.        ]]
